"ODPTestList","Index","Nmos","Pmos","Suite name","Test name","",""
"XtrIdriveTest_CORE_HVT","1","0","0","",""
"XtrIdriveTest_CORE_HVT","2","0","0","",""
"XtrIdriveTest_CORE_HVT","3","0","0","",""
"XtrIdriveTest_CORE_HVT","4","0","0","",""
"XtrIdriveTest_CORE_HVT","5","0","0","",""
"XtrIdriveTest_CORE_HVT","6","0","0","",""
"XtrIdriveTest_CORE_HVT","7","0","0","",""
"XtrIdriveTest_CORE_HVT","8","0","0","",""
"XtrIdriveTest_CORE_HVT","9","0","0","",""
"XtrIdriveTest_CORE_HVT","10","0","0","",""
"XtrIdriveTest_CORE_HVT","11","0","0","",""
"XtrIdriveTest_CORE_HVT","12","0","0","",""
"XtrIdriveTest_CORE_HVT","13","0","0","",""
"XtrIdriveTest_CORE_HVT","14","0","0","",""
"XtrIdriveTest_CORE_HVT","15","0","0","",""
"XtrIdriveTest_CORE_HVT","16","0","0","",""
"XtrIdriveTest_CORE_HVT","17","1","0","",""
"XtrIdriveTest_CORE_HVT","18","0","0","",""
"XtrIdriveTest_CORE_HVT","19","0","0","",""
"XtrIdriveTest_CORE_HVT","20","0","0","",""
"XtrIdriveTest_CORE_HVT","21","0","0","",""
"XtrIdriveTest_CORE_HVT","22","0","0","",""
"XtrIdriveTest_CORE_HVT","23","0","0","",""
"XtrIdriveTest_CORE_HVT","24","0","0","",""
"XtrIdriveTest_CORE_HVT","25","0","0","",""
"XtrIdriveTest_CORE_HVT","26","0","0","",""
"XtrIdriveTest_CORE_HVT","27","0","0","",""
"XtrIdriveTest_CORE_HVT","28","0","0","",""
"XtrIdriveTest_CORE_HVT","29","0","0","",""
"XtrIdriveTest_CORE_HVT","30","0","0","",""
"XtrIdriveTest_CORE_HVT","31","0","0","",""
"XtrIdriveTest_CORE_HVT","32","0","0","",""
"XtrIdriveTest_CORE_HVT","33","0","0","",""
"XtrIdriveTest_CORE_HVT","34","0","0","",""
"XtrIdriveTest_CORE_HVT","35","0","0","",""
"XtrIdriveTest_CORE_HVT","36","0","0","",""
"XtrIdriveTest_CORE_HVT","37","0","0","",""
"XtrIdriveTest_CORE_HVT","38","0","0","",""
"XtrIdriveTest_CORE_HVT","39","0","0","",""
"XtrIdriveTest_CORE_HVT","40","0","0","",""
"XtrIdriveTest_CORE_HVT","41","0","0","",""
"XtrIdriveTest_CORE_HVT","42","0","0","",""
"XtrIdriveTest_CORE_HVT","43","0","0","",""
"XtrIdriveTest_CORE_HVT","44","0","0","",""
"XtrIdriveTest_CORE_HVT","45","0","0","",""
"XtrIdriveTest_CORE_HVT","46","0","0","",""
"XtrIdriveTest_CORE_HVT","47","0","0","",""
"XtrIdriveTest_CORE_HVT","48","0","0","",""
"XtrIdriveTest_CORE_HVT","49","0","0","",""
"XtrIdriveTest_CORE_HVT","50","0","0","",""
"XtrIdriveTest_CORE_HVT","51","0","0","",""
"XtrIdriveTest_CORE_HVT","52","0","0","",""
"XtrIdriveTest_CORE_HVT","53","0","0","",""
"XtrIdriveTest_CORE_HVT","54","0","0","",""
"XtrIdriveTest_CORE_HVT","55","0","0","",""
"XtrIdriveTest_CORE_HVT","56","0","0","",""
"XtrIdriveTest_CORE_HVT","57","0","0","",""
"XtrIdriveTest_CORE_HVT","58","0","0","",""
"XtrIdriveTest_CORE_HVT","59","0","0","",""
"XtrIdriveTest_CORE_HVT","60","0","0","",""
"XtrIdriveTest_CORE_HVT","61","0","0","",""
"XtrIdriveTest_CORE_HVT","62","0","0","",""
"XtrIdriveTest_CORE_HVT","63","0","0","",""
"XtrIdriveTest_CORE_HVT","64","0","0","",""
"XtrIdriveTest_CORE_HVT","65","0","0","",""
"XtrIdriveTest_CORE_HVT","66","0","0","",""
"XtrIdriveTest_CORE_HVT","67","0","0","",""
"XtrIdriveTest_CORE_HVT","68","0","0","",""
"XtrIdriveTest_CORE_HVT","69","0","0","",""
"XtrIdriveTest_CORE_HVT","70","0","0","",""
"XtrIdriveTest_CORE_HVT","71","0","0","",""
"XtrIdriveTest_CORE_HVT","72","0","0","",""
"XtrIdriveTest_CORE_HVT","73","0","0","",""
"XtrIdriveTest_CORE_HVT","74","0","0","",""
"XtrIdriveTest_CORE_HVT","75","0","0","",""
"XtrIdriveTest_CORE_HVT","76","0","0","",""
"XtrIdriveTest_CORE_HVT","77","0","0","",""
"XtrIdriveTest_CORE_HVT","78","0","0","",""
"XtrIdriveTest_CORE_HVT","79","0","0","",""
"XtrIdriveTest_CORE_HVT","80","0","0","",""
"XtrIdriveTest_CORE_HVT","81","0","0","",""
"XtrIdriveTest_CORE_HVT","82","0","0","",""
"XtrIdriveTest_CORE_HVT","83","0","0","",""
"XtrIdriveTest_CORE_HVT","84","0","0","",""
"XtrIdriveTest_CORE_HVT","85","0","0","",""
"XtrIdriveTest_CORE_HVT","86","0","0","",""
"XtrIdriveTest_CORE_HVT","87","0","0","",""
"XtrIdriveTest_CORE_HVT","88","0","0","",""
"XtrIdriveTest_CORE_HVT","89","0","0","",""
"XtrIdriveTest_CORE_HVT","90","0","0","",""
"XtrIdriveTest_CORE_HVT","91","0","1","",""
"XtrIdriveTest_CORE_HVT","92","0","0","",""
"XtrIdriveTest_CORE_HVT","93","0","0","",""
"XtrIdriveTest_CORE_HVT","94","0","0","",""
"XtrIdriveTest_CORE_HVT","95","0","0","",""
"XtrIdriveTest_CORE_HVT","96","0","0","",""
"XtrIdriveTest_CORE_HVT","97","0","0","",""
"XtrIdriveTest_CORE_HVT","98","0","0","",""
"XtrIdriveTest_CORE_HVT","99","0","0","",""
"XtrIdriveTest_CORE_HVT","100","0","0","",""
"XtrIdriveTest_CORE_HVT","101","0","0","",""
"XtrIdriveTest_CORE_HVT","102","0","0","",""
"XtrIdriveTest_CORE_HVT","103","0","0","",""
"XtrIdriveTest_CORE_HVT","104","0","0","",""
"XtrIdriveTest_CORE_HVT","105","0","0","",""
"XtrIdriveTest_CORE_HVT","106","0","0","",""
"XtrIdriveTest_CORE_HVT","107","0","0","",""
"XtrIdriveTest_CORE_HVT","108","0","0","",""
"XtrIdriveTest_CORE_HVT","109","0","0","",""
"XtrIdriveTest_CORE_HVT","110","0","0","",""
"XtrIdriveTest_CORE_HVT","111","0","0","",""
"XtrIdriveTest_CORE_HVT","112","0","0","",""
"XtrIdriveTest_CORE_HVT","113","0","0","",""
"XtrIdriveTest_CORE_HVT","114","0","0","",""
"XtrIdriveTest_CORE_HVT","115","0","0","",""
"XtrIdriveTest_CORE_HVT","116","0","0","",""
"XtrIdriveTest_CORE_HVT","117","0","0","",""
"XtrIdriveTest_CORE_HVT","118","0","0","",""
"XtrIdriveTest_CORE_HVT","119","0","0","",""
"XtrIdriveTest_CORE_HVT","120","0","0","",""
"XtrIdriveTest_CORE_HVT","121","0","0","",""
"XtrIdriveTest_CORE_HVT","122","0","0","",""
"XtrIdriveTest_CORE_HVT","123","0","0","",""
"XtrIdriveTest_CORE_HVT","124","0","0","",""
"XtrIdriveTest_CORE_HVT","125","0","0","",""
"XtrIdriveTest_CORE_SVT","1","0","0","",""
"XtrIdriveTest_CORE_SVT","2","0","0","",""
"XtrIdriveTest_CORE_SVT","3","0","0","",""
"XtrIdriveTest_CORE_SVT","4","0","0","",""
"XtrIdriveTest_CORE_SVT","5","0","0","",""
"XtrIdriveTest_CORE_SVT","6","0","0","",""
"XtrIdriveTest_CORE_SVT","7","0","0","",""
"XtrIdriveTest_CORE_SVT","8","0","0","",""
"XtrIdriveTest_CORE_SVT","9","0","0","",""
"XtrIdriveTest_CORE_SVT","10","0","0","",""
"XtrIdriveTest_CORE_SVT","11","0","0","",""
"XtrIdriveTest_CORE_SVT","12","0","0","",""
"XtrIdriveTest_CORE_SVT","13","0","0","",""
"XtrIdriveTest_CORE_SVT","14","0","0","",""
"XtrIdriveTest_CORE_SVT","15","0","0","",""
"XtrIdriveTest_CORE_SVT","16","0","0","",""
"XtrIdriveTest_CORE_SVT","17","1","0","",""
"XtrIdriveTest_CORE_SVT","18","0","0","",""
"XtrIdriveTest_CORE_SVT","19","0","0","",""
"XtrIdriveTest_CORE_SVT","20","0","0","",""
"XtrIdriveTest_CORE_SVT","21","0","1","",""
"XtrIdriveTest_CORE_SVT","22","0","0","",""
"XtrIdriveTest_CORE_SVT","23","0","0","",""
"XtrIdriveTest_CORE_SVT","24","0","0","",""
"XtrIdriveTest_CORE_SVT","25","0","0","",""
"XtrIdriveTest_CORE_SVT","26","0","0","",""
"XtrIdriveTest_CORE_SVT","27","0","0","",""
"XtrIdriveTest_CORE_SVT","28","0","0","",""
"XtrIdriveTest_CORE_SVT","29","0","0","",""
"XtrIdriveTest_CORE_SVT","30","0","0","",""
"XtrIdriveTest_CORE_SVT","31","0","0","",""
"XtrIdriveTest_CORE_SVT","32","0","0","",""
"XtrIdriveTest_CORE_SVT","33","0","0","",""
"XtrIdriveTest_CORE_SVT","34","0","0","",""
"XtrIdriveTest_CORE_SVT","35","0","0","",""
"XtrIdriveTest_CORE_SVT","36","0","0","",""
"XtrIdriveTest_CORE_SVT","37","0","0","",""
"XtrIdriveTest_CORE_SVT","38","0","0","",""
"XtrIdriveTest_CORE_SVT","39","0","0","",""
"XtrIdriveTest_CORE_SVT","40","0","0","",""
"XtrIdriveTest_CORE_SVT","41","0","0","",""
"XtrIdriveTest_CORE_SVT","42","0","0","",""
"XtrIdriveTest_CORE_SVT","43","0","0","",""
"XtrIdriveTest_CORE_SVT","44","0","0","",""
"XtrIdriveTest_CORE_SVT","45","0","0","",""
"XtrIdriveTest_CORE_SVT","46","0","0","",""
"XtrIdriveTest_CORE_SVT","47","0","0","",""
"XtrIdriveTest_CORE_SVT","48","0","0","",""
"XtrIdriveTest_CORE_SVT","49","0","0","",""
"XtrIdriveTest_CORE_SVT","50","0","0","",""
"XtrIdriveTest_CORE_SVT","51","0","0","",""
"XtrIdriveTest_CORE_SVT","52","0","0","",""
"XtrIdriveTest_CORE_SVT","53","0","0","",""
"XtrIdriveTest_CORE_SVT","54","0","0","",""
"XtrIdriveTest_CORE_SVT","55","0","0","",""
"XtrIdriveTest_CORE_SVT","56","0","0","",""
"XtrIdriveTest_CORE_SVT","57","0","0","",""
"XtrIdriveTest_CORE_SVT","58","0","0","",""
"XtrIdriveTest_CORE_SVT","59","0","0","",""
"XtrIdriveTest_CORE_SVT","60","0","0","",""
"XtrIdriveTest_CORE_SVT","61","0","0","",""
"XtrIdriveTest_CORE_SVT","62","0","0","",""
"XtrIdriveTest_CORE_SVT","63","0","0","",""
"XtrIdriveTest_CORE_SVT","64","0","0","",""
"XtrIdriveTest_CORE_SVT","65","0","0","",""
"XtrIdriveTest_CORE_SVT","66","0","0","",""
"XtrIdriveTest_CORE_SVT","67","0","0","",""
"XtrIdriveTest_CORE_SVT","68","0","0","",""
"XtrIdriveTest_CORE_SVT","69","0","0","",""
"XtrIdriveTest_CORE_SVT","70","0","0","",""
"XtrIdriveTest_CORE_SVT","71","0","0","",""
"XtrIdriveTest_CORE_SVT","72","0","0","",""
"XtrIdriveTest_CORE_SVT","73","0","0","",""
"XtrIdriveTest_CORE_SVT","74","0","0","",""
"XtrIdriveTest_CORE_SVT","75","0","0","",""
"XtrIdriveTest_CORE_SVT","76","0","0","",""
"XtrIdriveTest_CORE_SVT","77","0","0","",""
"XtrIdriveTest_CORE_SVT","78","0","0","",""
"XtrIdriveTest_CORE_SVT","79","0","0","",""
"XtrIdriveTest_CORE_SVT","80","0","0","",""
"XtrIdriveTest_CORE_SVT","81","0","0","",""
"XtrIdriveTest_CORE_SVT","82","0","0","",""
"XtrIdriveTest_CORE_SVT","83","0","0","",""
"XtrIdriveTest_CORE_SVT","84","0","0","",""
"XtrIdriveTest_CORE_SVT","85","0","0","",""
"XtrIdriveTest_CORE_SVT","86","0","0","",""
"XtrIdriveTest_CORE_SVT","87","0","0","",""
"XtrIdriveTest_CORE_SVT","88","0","0","",""
"XtrIdriveTest_CORE_SVT","89","0","0","",""
"XtrIdriveTest_CORE_SVT","90","0","0","",""
"XtrIdriveTest_CORE_SVT","91","0","1","",""
"XtrIdriveTest_CORE_SVT","92","0","0","",""
"XtrIdriveTest_CORE_SVT","93","0","0","",""
"XtrIdriveTest_CORE_SVT","94","0","0","",""
"XtrIdriveTest_CORE_SVT","95","0","0","",""
"XtrIdriveTest_CORE_SVT","96","0","0","",""
"XtrIdriveTest_CORE_SVT","97","0","0","",""
"XtrIdriveTest_CORE_SVT","98","0","0","",""
"XtrIdriveTest_CORE_SVT","99","0","0","",""
"XtrIdriveTest_CORE_SVT","100","0","0","",""
"XtrIdriveTest_CORE_SVT","101","0","0","",""
"XtrIdriveTest_CORE_SVT","102","0","0","",""
"XtrIdriveTest_CORE_SVT","103","0","0","",""
"XtrIdriveTest_CORE_SVT","104","0","0","",""
"XtrIdriveTest_CORE_SVT","105","0","0","",""
"XtrIdriveTest_CORE_SVT","106","0","0","",""
"XtrIdriveTest_CORE_SVT","107","0","0","",""
"XtrIdriveTest_CORE_SVT","108","0","0","",""
"XtrIdriveTest_CORE_SVT","109","0","0","",""
"XtrIdriveTest_CORE_SVT","110","0","0","",""
"XtrIdriveTest_CORE_SVT","111","0","0","",""
"XtrIdriveTest_CORE_SVT","112","0","0","",""
"XtrIdriveTest_CORE_SVT","113","0","0","",""
"XtrIdriveTest_CORE_SVT","114","0","0","",""
"XtrIdriveTest_CORE_SVT","115","0","0","",""
"XtrIdriveTest_CORE_SVT","116","0","0","",""
"XtrIdriveTest_CORE_SVT","117","0","0","",""
"XtrIdriveTest_CORE_SVT","118","0","0","",""
"XtrIdriveTest_CORE_SVT","119","0","0","",""
"XtrIdriveTest_CORE_SVT","120","0","0","",""
"XtrIdriveTest_CORE_SVT","121","0","0","",""
"XtrIdriveTest_CORE_SVT","122","0","0","",""
"XtrIdriveTest_CORE_SVT","123","0","0","",""
"XtrIdriveTest_CORE_SVT","124","0","0","",""
"XtrIdriveTest_CORE_SVT","125","0","0","",""
"XtrIdriveTest_CORE_LVT","1","0","0","",""
"XtrIdriveTest_CORE_LVT","2","0","0","",""
"XtrIdriveTest_CORE_LVT","3","0","0","",""
"XtrIdriveTest_CORE_LVT","4","0","0","",""
"XtrIdriveTest_CORE_LVT","5","0","0","",""
"XtrIdriveTest_CORE_LVT","6","0","0","",""
"XtrIdriveTest_CORE_LVT","7","0","0","",""
"XtrIdriveTest_CORE_LVT","8","0","0","",""
"XtrIdriveTest_CORE_LVT","9","0","0","",""
"XtrIdriveTest_CORE_LVT","10","0","0","",""
"XtrIdriveTest_CORE_LVT","11","0","0","",""
"XtrIdriveTest_CORE_LVT","12","0","0","",""
"XtrIdriveTest_CORE_LVT","13","0","0","",""
"XtrIdriveTest_CORE_LVT","14","0","0","",""
"XtrIdriveTest_CORE_LVT","15","0","0","",""
"XtrIdriveTest_CORE_LVT","16","0","0","",""
"XtrIdriveTest_CORE_LVT","17","1","0","",""
"XtrIdriveTest_CORE_LVT","18","0","0","",""
"XtrIdriveTest_CORE_LVT","19","0","0","",""
"XtrIdriveTest_CORE_LVT","20","0","0","",""
"XtrIdriveTest_CORE_LVT","21","0","0","",""
"XtrIdriveTest_CORE_LVT","22","0","1","",""
"XtrIdriveTest_CORE_LVT","23","0","0","",""
"XtrIdriveTest_CORE_LVT","24","0","0","",""
"XtrIdriveTest_CORE_LVT","25","0","0","",""
"XtrIdriveTest_CORE_LVT","26","0","0","",""
"XtrIdriveTest_CORE_LVT","27","0","0","",""
"XtrIdriveTest_CORE_LVT","28","0","0","",""
"XtrIdriveTest_CORE_LVT","29","0","0","",""
"XtrIdriveTest_CORE_LVT","30","0","0","",""
"XtrIdriveTest_CORE_LVT","31","0","0","",""
"XtrIdriveTest_CORE_LVT","32","0","0","",""
"XtrIdriveTest_CORE_LVT","33","0","0","",""
"XtrIdriveTest_CORE_LVT","34","0","0","",""
"XtrIdriveTest_CORE_LVT","35","0","0","",""
"XtrIdriveTest_CORE_LVT","36","0","0","",""
"XtrIdriveTest_CORE_LVT","37","0","0","",""
"XtrIdriveTest_CORE_LVT","38","0","0","",""
"XtrIdriveTest_CORE_LVT","39","0","0","",""
"XtrIdriveTest_CORE_LVT","40","0","0","",""
"XtrIdriveTest_CORE_LVT","41","0","0","",""
"XtrIdriveTest_CORE_LVT","42","0","0","",""
"XtrIdriveTest_CORE_LVT","43","0","0","",""
"XtrIdriveTest_CORE_LVT","44","0","0","",""
"XtrIdriveTest_CORE_LVT","45","0","0","",""
"XtrIdriveTest_CORE_LVT","46","0","0","",""
"XtrIdriveTest_CORE_LVT","47","0","0","",""
"XtrIdriveTest_CORE_LVT","48","0","0","",""
"XtrIdriveTest_CORE_LVT","49","0","0","",""
"XtrIdriveTest_CORE_LVT","50","0","0","",""
"XtrIdriveTest_CORE_LVT","51","0","0","",""
"XtrIdriveTest_CORE_LVT","52","0","0","",""
"XtrIdriveTest_CORE_LVT","53","0","0","",""
"XtrIdriveTest_CORE_LVT","54","0","0","",""
"XtrIdriveTest_CORE_LVT","55","0","0","",""
"XtrIdriveTest_CORE_LVT","56","0","0","",""
"XtrIdriveTest_CORE_LVT","57","0","0","",""
"XtrIdriveTest_CORE_LVT","58","0","0","",""
"XtrIdriveTest_CORE_LVT","59","0","0","",""
"XtrIdriveTest_CORE_LVT","60","0","0","",""
"XtrIdriveTest_CORE_LVT","61","0","0","",""
"XtrIdriveTest_CORE_LVT","62","0","0","",""
"XtrIdriveTest_CORE_LVT","63","0","0","",""
"XtrIdriveTest_CORE_LVT","64","0","0","",""
"XtrIdriveTest_CORE_LVT","65","0","0","",""
"XtrIdriveTest_CORE_LVT","66","0","0","",""
"XtrIdriveTest_CORE_LVT","67","0","0","",""
"XtrIdriveTest_CORE_LVT","68","0","0","",""
"XtrIdriveTest_CORE_LVT","69","0","0","",""
"XtrIdriveTest_CORE_LVT","70","0","0","",""
"XtrIdriveTest_CORE_LVT","71","0","0","",""
"XtrIdriveTest_CORE_LVT","72","0","0","",""
"XtrIdriveTest_CORE_LVT","73","0","0","",""
"XtrIdriveTest_CORE_LVT","74","0","0","",""
"XtrIdriveTest_CORE_LVT","75","0","0","",""
"XtrIdriveTest_CORE_LVT","76","0","0","",""
"XtrIdriveTest_CORE_LVT","77","0","0","",""
"XtrIdriveTest_CORE_LVT","78","0","0","",""
"XtrIdriveTest_CORE_LVT","79","0","0","",""
"XtrIdriveTest_CORE_LVT","80","0","0","",""
"XtrIdriveTest_CORE_LVT","81","0","0","",""
"XtrIdriveTest_CORE_LVT","82","0","0","",""
"XtrIdriveTest_CORE_LVT","83","0","0","",""
"XtrIdriveTest_CORE_LVT","84","0","0","",""
"XtrIdriveTest_CORE_LVT","85","0","0","",""
"XtrIdriveTest_CORE_LVT","86","0","0","",""
"XtrIdriveTest_CORE_LVT","87","0","0","",""
"XtrIdriveTest_CORE_LVT","88","0","0","",""
"XtrIdriveTest_CORE_LVT","89","0","0","",""
"XtrIdriveTest_CORE_LVT","90","0","0","",""
"XtrIdriveTest_CORE_LVT","91","0","1","",""
"XtrIdriveTest_CORE_LVT","92","0","0","",""
"XtrIdriveTest_CORE_LVT","93","0","0","",""
"XtrIdriveTest_CORE_LVT","94","0","0","",""
"XtrIdriveTest_CORE_LVT","95","0","0","",""
"XtrIdriveTest_CORE_LVT","96","0","0","",""
"XtrIdriveTest_CORE_LVT","97","0","0","",""
"XtrIdriveTest_CORE_LVT","98","0","0","",""
"XtrIdriveTest_CORE_LVT","99","0","0","",""
"XtrIdriveTest_CORE_LVT","100","0","0","",""
"XtrIdriveTest_CORE_LVT","101","0","0","",""
"XtrIdriveTest_CORE_LVT","102","0","0","",""
"XtrIdriveTest_CORE_LVT","103","0","0","",""
"XtrIdriveTest_CORE_LVT","104","0","0","",""
"XtrIdriveTest_CORE_LVT","105","0","0","",""
"XtrIdriveTest_CORE_LVT","106","0","0","",""
"XtrIdriveTest_CORE_LVT","107","0","0","",""
"XtrIdriveTest_CORE_LVT","108","0","0","",""
"XtrIdriveTest_CORE_LVT","109","0","0","",""
"XtrIdriveTest_CORE_LVT","110","0","0","",""
"XtrIdriveTest_CORE_LVT","111","0","0","",""
"XtrIdriveTest_CORE_LVT","112","0","0","",""
"XtrIdriveTest_CORE_LVT","113","0","0","",""
"XtrIdriveTest_CORE_LVT","114","0","0","",""
"XtrIdriveTest_CORE_LVT","115","0","0","",""
"XtrIdriveTest_CORE_LVT","116","0","0","",""
"XtrIdriveTest_CORE_LVT","117","0","0","",""
"XtrIdriveTest_CORE_LVT","118","0","0","",""
"XtrIdriveTest_CORE_LVT","119","0","0","",""
"XtrIdriveTest_CORE_LVT","120","0","0","",""
"XtrIdriveTest_CORE_LVT","121","0","0","",""
"XtrIdriveTest_CORE_LVT","122","0","0","",""
"XtrIdriveTest_CORE_LVT","123","0","0","",""
"XtrIdriveTest_CORE_LVT","124","0","0","",""
"XtrIdriveTest_CORE_LVT","125","0","0","",""
"XtrIdriveTest_1P5V_DUT","1","0","0","",""
"XtrIdriveTest_1P5V_DUT","2","0","0","",""
"XtrIdriveTest_1P5V_DUT","3","0","0","",""
"XtrIdriveTest_1P5V_DUT","4","0","0","",""
"XtrIdriveTest_1P5V_DUT","5","0","0","",""
"XtrIdriveTest_1P5V_DUT","6","0","0","",""
"XtrIdriveTest_1P5V_DUT","7","0","0","",""
"XtrIdriveTest_1P5V_DUT","8","0","0","",""
"XtrIdriveTest_1P5V_DUT","9","0","0","",""
"XtrIdriveTest_1P5V_DUT","10","0","0","",""
"XtrIdriveTest_1P5V_DUT","11","0","0","",""
"XtrIdriveTest_1P5V_DUT","12","0","0","",""
"XtrIdriveTest_1P5V_DUT","13","0","0","",""
"XtrIdriveTest_1P5V_DUT","14","0","0","",""
"XtrIdriveTest_1P5V_DUT","15","0","0","",""
"XtrIdriveTest_1P5V_DUT","16","0","0","",""
"XtrIdriveTest_1P5V_DUT","17","0","0","",""
"XtrIdriveTest_1P5V_DUT","18","0","0","",""
"XtrIdriveTest_1P5V_DUT","19","0","0","",""
"XtrIdriveTest_1P5V_DUT","20","0","0","",""
"XtrIdriveTest_1P5V_DUT","21","0","0","",""
"XtrIdriveTest_1P5V_DUT","22","0","0","",""
"XtrIdriveTest_1P5V_DUT","23","0","0","",""
"XtrIdriveTest_1P5V_DUT","24","0","0","",""
"XtrIdriveTest_1P5V_DUT","25","0","0","",""
"XtrIdriveTest_1P5V_DUT","26","0","0","",""
"XtrIdriveTest_1P5V_DUT","27","0","0","",""
"XtrIdriveTest_1P5V_DUT","28","0","0","",""
"XtrIdriveTest_1P5V_DUT","29","0","0","",""
"XtrIdriveTest_1P5V_DUT","30","0","0","",""
"XtrIdriveTest_1P5V_DUT","31","0","0","",""
"XtrIdriveTest_1P5V_DUT","32","0","0","",""
"XtrIdriveTest_1P5V_DUT","33","0","0","",""
"XtrIdriveTest_1P5V_DUT","34","0","0","",""
"XtrIdriveTest_1P5V_DUT","35","0","0","",""
"XtrIdriveTest_1P5V_DUT","36","0","0","",""
"XtrIdriveTest_1P5V_DUT","37","0","0","",""
"XtrIdriveTest_1P5V_DUT","38","0","0","",""
"XtrIdriveTest_1P5V_DUT","39","0","0","",""
"XtrIdriveTest_1P5V_DUT","40","0","0","",""
"XtrIdriveTest_1P5V_DUT","41","0","0","",""
"XtrIdriveTest_1P5V_DUT","42","0","0","",""
"XtrIdriveTest_1P5V_DUT","43","0","0","",""
"XtrIdriveTest_1P5V_DUT","44","0","0","",""
"XtrIdriveTest_1P5V_DUT","45","0","0","",""
"XtrIdriveTest_1P5V_DUT","46","0","0","",""
"XtrIdriveTest_1P5V_DUT","47","0","0","",""
"XtrIdriveTest_1P5V_DUT","48","0","0","",""
"XtrIdriveTest_1P5V_DUT","49","0","0","",""
"XtrIdriveTest_1P5V_DUT","50","0","0","",""
"XtrIdriveTest_1P5V_DUT","51","0","0","",""
"XtrIdriveTest_1P5V_DUT","52","0","0","",""
"XtrIdriveTest_1P5V_DUT","53","0","0","",""
"XtrIdriveTest_1P5V_DUT","54","0","0","",""
"XtrIdriveTest_1P5V_DUT","55","0","0","",""
"XtrIdriveTest_1P5V_DUT","56","0","0","",""
"XtrIdriveTest_1P5V_DUT","57","0","0","",""
"XtrIdriveTest_1P5V_DUT","58","0","0","",""
"XtrIdriveTest_1P5V_DUT","59","0","0","",""
"XtrIdriveTest_1P5V_DUT","60","0","0","",""
"XtrIdriveTest_1P5V_DUT","61","0","0","",""
"XtrIdriveTest_1P5V_DUT","62","0","0","",""
"XtrIdriveTest_1P5V_DUT","63","0","0","",""
"XtrIdriveTest_1P5V_DUT","64","0","0","",""
"XtrIdriveTest_1P5V_DUT","65","0","0","",""
"XtrIdriveTest_1P5V_DUT","66","0","0","",""
"XtrIdriveTest_1P5V_DUT","67","0","0","",""
"XtrIdriveTest_1P5V_DUT","68","0","0","",""
"XtrIdriveTest_1P5V_DUT","69","0","0","",""
"XtrIdriveTest_1P5V_DUT","70","0","0","",""
"XtrIdriveTest_1P5V_DUT","71","0","0","",""
"XtrIdriveTest_1P5V_DUT","72","0","0","",""
"XtrIdriveTest_1P5V_DUT","73","0","0","",""
"XtrIdriveTest_1P5V_DUT","74","0","0","",""
"XtrIdriveTest_1P5V_DUT","75","0","0","",""
"XtrIdriveTest_1P5V_DUT","76","0","0","",""
"XtrIdriveTest_1P5V_DUT","77","0","0","",""
"XtrIdriveTest_1P5V_DUT","78","0","0","",""
"XtrIdriveTest_1P5V_DUT","79","0","0","",""
"XtrIdriveTest_1P5V_DUT","80","0","0","",""
"XtrIdriveTest_1P5V_DUT","81","0","0","",""
"XtrIdriveTest_1P5V_DUT","82","0","0","",""
"XtrIdriveTest_1P5V_DUT","83","0","0","",""
"XtrIdriveTest_1P5V_DUT","84","0","0","",""
"XtrIdriveTest_1P5V_DUT","85","0","0","",""
"XtrIdriveTest_1P5V_DUT","86","0","0","",""
"XtrIdriveTest_1P5V_DUT","87","0","0","",""
"XtrIdriveTest_1P5V_DUT","88","0","0","",""
"XtrIdriveTest_1P5V_DUT","89","0","0","",""
"XtrIdriveTest_1P5V_DUT","90","0","0","",""
"XtrIdriveTest_1P5V_DUT","91","0","0","",""
"XtrIdriveTest_1P5V_DUT","92","0","0","",""
"XtrIdriveTest_1P5V_DUT","93","0","0","",""
"XtrIdriveTest_1P5V_DUT","94","0","0","",""
"XtrIdriveTest_1P5V_DUT","95","0","0","",""
"XtrIdriveTest_1P5V_DUT","96","0","0","",""
"XtrIdriveTest_1P5V_DUT","97","0","0","",""
"XtrIdriveTest_1P5V_DUT","98","0","0","",""
"XtrIdriveTest_1P5V_DUT","99","0","0","",""
"XtrIdriveTest_1P5V_DUT","100","0","0","",""
"XtrIdriveTest_1P5V_DUT","101","0","0","",""
"XtrIdriveTest_1P5V_DUT","102","0","0","",""
"XtrIdriveTest_1P5V_DUT","103","0","0","",""
"XtrIdriveTest_1P5V_DUT","104","0","0","",""
"XtrIdriveTest_1P5V_DUT","105","0","0","",""
"XtrIdriveTest_1P5V_DUT","106","0","0","",""
"XtrIdriveTest_1P5V_DUT","107","0","0","",""
"XtrIdriveTest_1P5V_DUT","108","0","0","",""
"XtrIdriveTest_1P5V_DUT","109","0","0","",""
"XtrIdriveTest_1P5V_DUT","110","0","0","",""
"XtrIdriveTest_1P5V_DUT","111","0","0","",""
"XtrIdriveTest_1P5V_DUT","112","0","0","",""
"XtrIdriveTest_1P5V_DUT","113","0","0","",""
"XtrIdriveTest_1P5V_DUT","114","0","0","",""
"XtrIdriveTest_1P5V_DUT","115","0","0","",""
"XtrIdriveTest_1P5V_DUT","116","0","0","",""
"XtrIdriveTest_1P5V_DUT","117","0","0","",""
"XtrIdriveTest_1P5V_DUT","118","0","0","",""
"XtrIdriveTest_1P5V_DUT","119","0","0","",""
"XtrIdriveTest_1P5V_DUT","120","0","0","",""
"XtrIdriveTest_1P5V_DUT","121","0","0","",""
"XtrIdriveTest_1P5V_DUT","122","0","0","",""
"XtrIdriveTest_1P5V_DUT","123","0","0","",""
"XtrIdriveTest_1P5V_DUT","124","0","0","",""
"XtrIdriveTest_1P5V_DUT","125","0","0","",""
"XtrIdriveTest_1P8V_DUT","1","0","0","",""
"XtrIdriveTest_1P8V_DUT","2","0","0","",""
"XtrIdriveTest_1P8V_DUT","3","0","0","",""
"XtrIdriveTest_1P8V_DUT","4","0","0","",""
"XtrIdriveTest_1P8V_DUT","5","0","0","",""
"XtrIdriveTest_1P8V_DUT","6","0","0","",""
"XtrIdriveTest_1P8V_DUT","7","0","0","",""
"XtrIdriveTest_1P8V_DUT","8","0","0","",""
"XtrIdriveTest_1P8V_DUT","9","0","0","",""
"XtrIdriveTest_1P8V_DUT","10","0","0","",""
"XtrIdriveTest_1P8V_DUT","11","0","0","",""
"XtrIdriveTest_1P8V_DUT","12","0","0","",""
"XtrIdriveTest_1P8V_DUT","13","0","0","",""
"XtrIdriveTest_1P8V_DUT","14","0","0","",""
"XtrIdriveTest_1P8V_DUT","15","0","0","",""
"XtrIdriveTest_1P8V_DUT","16","0","0","",""
"XtrIdriveTest_1P8V_DUT","17","0","0","",""
"XtrIdriveTest_1P8V_DUT","18","0","0","",""
"XtrIdriveTest_1P8V_DUT","19","0","0","",""
"XtrIdriveTest_1P8V_DUT","20","0","0","",""
"XtrIdriveTest_1P8V_DUT","21","0","0","",""
"XtrIdriveTest_1P8V_DUT","22","0","0","",""
"XtrIdriveTest_1P8V_DUT","23","0","0","",""
"XtrIdriveTest_1P8V_DUT","24","0","0","",""
"XtrIdriveTest_1P8V_DUT","25","0","0","",""
"XtrIdriveTest_1P8V_DUT","26","0","0","",""
"XtrIdriveTest_1P8V_DUT","27","0","0","",""
"XtrIdriveTest_1P8V_DUT","28","0","0","",""
"XtrIdriveTest_1P8V_DUT","29","0","0","",""
"XtrIdriveTest_1P8V_DUT","30","0","0","",""
"XtrIdriveTest_1P8V_DUT","31","0","0","",""
"XtrIdriveTest_1P8V_DUT","32","0","0","",""
"XtrIdriveTest_1P8V_DUT","33","0","0","",""
"XtrIdriveTest_1P8V_DUT","34","0","0","",""
"XtrIdriveTest_1P8V_DUT","35","0","0","",""
"XtrIdriveTest_1P8V_DUT","36","0","0","",""
"XtrIdriveTest_1P8V_DUT","37","0","0","",""
"XtrIdriveTest_1P8V_DUT","38","0","0","",""
"XtrIdriveTest_1P8V_DUT","39","0","0","",""
"XtrIdriveTest_1P8V_DUT","40","0","0","",""
"XtrIdriveTest_1P8V_DUT","41","0","0","",""
"XtrIdriveTest_1P8V_DUT","42","0","0","",""
"XtrIdriveTest_1P8V_DUT","43","0","0","",""
"XtrIdriveTest_1P8V_DUT","44","0","0","",""
"XtrIdriveTest_1P8V_DUT","45","0","0","",""
"XtrIdriveTest_1P8V_DUT","46","0","0","",""
"XtrIdriveTest_1P8V_DUT","47","0","0","",""
"XtrIdriveTest_1P8V_DUT","48","0","0","",""
"XtrIdriveTest_1P8V_DUT","49","0","0","",""
"XtrIdriveTest_1P8V_DUT","50","0","0","",""
"XtrIdriveTest_1P8V_DUT","51","0","0","",""
"XtrIdriveTest_1P8V_DUT","52","0","0","",""
"XtrIdriveTest_1P8V_DUT","53","0","0","",""
"XtrIdriveTest_1P8V_DUT","54","0","0","",""
"XtrIdriveTest_1P8V_DUT","55","0","0","",""
"XtrIdriveTest_1P8V_DUT","56","0","0","",""
"XtrIdriveTest_1P8V_DUT","57","0","0","",""
"XtrIdriveTest_1P8V_DUT","58","0","0","",""
"XtrIdriveTest_1P8V_DUT","59","0","0","",""
"XtrIdriveTest_1P8V_DUT","60","0","0","",""
"XtrIdriveTest_1P8V_DUT","61","0","0","",""
"XtrIdriveTest_1P8V_DUT","62","0","0","",""
"XtrIdriveTest_1P8V_DUT","63","0","0","",""
"XtrIdriveTest_1P8V_DUT","64","0","0","",""
"XtrIdriveTest_1P8V_DUT","65","0","0","",""
"XtrIdriveTest_1P8V_DUT","66","0","0","",""
"XtrIdriveTest_1P8V_DUT","67","0","0","",""
"XtrIdriveTest_1P8V_DUT","68","0","0","",""
"XtrIdriveTest_1P8V_DUT","69","0","0","",""
"XtrIdriveTest_1P8V_DUT","70","0","0","",""
"XtrIdriveTest_1P8V_DUT","71","0","0","",""
"XtrIdriveTest_1P8V_DUT","72","0","0","",""
"XtrIdriveTest_1P8V_DUT","73","0","0","",""
"XtrIdriveTest_1P8V_DUT","74","0","0","",""
"XtrIdriveTest_1P8V_DUT","75","0","0","",""
"XtrIdriveTest_1P8V_DUT","76","0","0","",""
"XtrIdriveTest_1P8V_DUT","77","0","0","",""
"XtrIdriveTest_1P8V_DUT","78","0","0","",""
"XtrIdriveTest_1P8V_DUT","79","0","0","",""
"XtrIdriveTest_1P8V_DUT","80","0","0","",""
"XtrIdriveTest_1P8V_DUT","81","0","0","",""
"XtrIdriveTest_1P8V_DUT","82","0","0","",""
"XtrIdriveTest_1P8V_DUT","83","0","0","",""
"XtrIdriveTest_1P8V_DUT","84","0","0","",""
"XtrIdriveTest_1P8V_DUT","85","0","0","",""
"XtrIdriveTest_1P8V_DUT","86","0","0","",""
"XtrIdriveTest_1P8V_DUT","87","0","0","",""
"XtrIdriveTest_1P8V_DUT","88","0","0","",""
"XtrIdriveTest_1P8V_DUT","89","0","0","",""
"XtrIdriveTest_1P8V_DUT","90","0","0","",""
"XtrIdriveTest_1P8V_DUT","91","0","0","",""
"XtrIdriveTest_1P8V_DUT","92","0","0","",""
"XtrIdriveTest_1P8V_DUT","93","0","0","",""
"XtrIdriveTest_1P8V_DUT","94","0","0","",""
"XtrIdriveTest_1P8V_DUT","95","0","0","",""
"XtrIdriveTest_1P8V_DUT","96","0","0","",""
"XtrIdriveTest_1P8V_DUT","97","0","0","",""
"XtrIdriveTest_1P8V_DUT","98","0","0","",""
"XtrIdriveTest_1P8V_DUT","99","0","0","",""
"XtrIdriveTest_1P8V_DUT","100","0","0","",""
"XtrIdriveTest_1P8V_DUT","101","0","0","",""
"XtrIdriveTest_1P8V_DUT","102","0","0","",""
"XtrIdriveTest_1P8V_DUT","103","0","0","",""
"XtrIdriveTest_1P8V_DUT","104","0","0","",""
"XtrIdriveTest_1P8V_DUT","105","0","0","",""
"XtrIdriveTest_1P8V_DUT","106","0","0","",""
"XtrIdriveTest_1P8V_DUT","107","0","0","",""
"XtrIdriveTest_1P8V_DUT","108","0","0","",""
"XtrIdriveTest_1P8V_DUT","109","0","0","",""
"XtrIdriveTest_1P8V_DUT","110","0","0","",""
"XtrIdriveTest_1P8V_DUT","111","0","0","",""
"XtrIdriveTest_1P8V_DUT","112","0","0","",""
"XtrIdriveTest_1P8V_DUT","113","0","0","",""
"XtrIdriveTest_1P8V_DUT","114","0","0","",""
"XtrIdriveTest_1P8V_DUT","115","0","0","",""
"XtrIdriveTest_1P8V_DUT","116","0","0","",""
"XtrIdriveTest_1P8V_DUT","117","0","0","",""
"XtrIdriveTest_1P8V_DUT","118","0","0","",""
"XtrIdriveTest_1P8V_DUT","119","0","0","",""
"XtrIdriveTest_1P8V_DUT","120","0","0","",""
"XtrIdriveTest_1P8V_DUT","121","0","0","",""
"XtrIdriveTest_1P8V_DUT","122","0","0","",""
"XtrIdriveTest_1P8V_DUT","123","0","0","",""
"XtrIdriveTest_1P8V_DUT","124","0","0","",""
"XtrIdriveTest_1P8V_DUT","125","0","0","",""
"XtrIdriveTest_SRAM","1","0","0","",""
"XtrIdriveTest_SRAM","2","0","0","",""
"XtrIdriveTest_SRAM","3","0","0","",""
"XtrIdriveTest_SRAM","4","0","0","",""
"XtrIdriveTest_SRAM","5","0","0","",""
"XtrIdriveTest_SRAM","6","0","0","",""
"XtrIdriveTest_SRAM","7","0","0","",""
"XtrIdriveTest_SRAM","8","0","0","",""
"XtrIdriveTest_SRAM","9","0","0","",""
"XtrIdriveTest_SRAM","10","0","0","",""
"XtrIdriveTest_SRAM","11","0","0","",""
"XtrIdriveTest_SRAM","12","0","0","",""
"XtrIdriveTest_SRAM","13","0","0","",""
"XtrIdriveTest_SRAM","14","0","0","",""
"XtrIdriveTest_SRAM","15","0","0","",""
"XtrIdriveTest_SRAM","16","0","0","",""
"XtrIdriveTest_SRAM","17","0","0","",""
"XtrIdriveTest_SRAM","18","0","0","",""
"XtrIdriveTest_SRAM","19","0","0","",""
"XtrIdriveTest_SRAM","20","0","0","",""
"XtrIdriveTest_SRAM","21","0","0","",""
"XtrIdriveTest_SRAM","22","0","0","",""
"XtrIdriveTest_SRAM","23","0","0","",""
"XtrIdriveTest_SRAM","24","0","0","",""
"XtrIdriveTest_SRAM","25","0","0","",""
"XtrIdriveTest_SRAM","26","0","0","",""
"XtrIdriveTest_SRAM","27","0","0","",""
"XtrIdriveTest_SRAM","28","0","0","",""
"XtrIdriveTest_SRAM","29","0","0","",""
"XtrIdriveTest_SRAM","30","0","0","",""
"XtrIdriveTest_SRAM","31","0","0","",""
"XtrIdriveTest_SRAM","32","0","0","",""
"XtrIdriveTest_SRAM","33","0","0","",""
"XtrIdriveTest_SRAM","34","0","0","",""
"XtrIdriveTest_SRAM","35","0","0","",""
"XtrIdriveTest_SRAM","36","0","0","",""
"XtrIdriveTest_SRAM","37","0","0","",""
"XtrIdriveTest_SRAM","38","0","0","",""
"XtrIdriveTest_SRAM","39","0","0","",""
"XtrIdriveTest_SRAM","40","0","0","",""
"XtrIdriveTest_SRAM","41","0","0","",""
"XtrIdriveTest_SRAM","42","0","0","",""
"XtrIdriveTest_SRAM","43","0","0","",""
"XtrIdriveTest_SRAM","44","0","0","",""
"XtrIdriveTest_SRAM","45","0","0","",""
"XtrIdriveTest_SRAM","46","0","0","",""
"XtrIdriveTest_SRAM","47","0","0","",""
"XtrIdriveTest_SRAM","48","0","0","",""
"XtrIdriveTest_SRAM","49","0","0","",""
"XtrIdriveTest_SRAM","50","0","0","",""
"XtrIdriveTest_SRAM","51","0","0","",""
"XtrIdriveTest_SRAM","52","0","0","",""
"XtrIdriveTest_SRAM","53","0","0","",""
"XtrIdriveTest_SRAM","54","0","0","",""
"XtrIdriveTest_SRAM","55","0","0","",""
"XtrIdriveTest_SRAM","56","0","0","",""
"XtrIdriveTest_SRAM","57","0","0","",""
"XtrIdriveTest_SRAM","58","0","0","",""
"XtrIdriveTest_SRAM","59","0","0","",""
"XtrIdriveTest_SRAM","60","0","0","",""
"XtrIdriveTest_SRAM","61","0","0","",""
"XtrIdriveTest_SRAM","62","0","0","",""
"XtrIdriveTest_SRAM","63","0","0","",""
"XtrIdriveTest_SRAM","64","0","0","",""
"XtrIdriveTest_SRAM","65","0","0","",""
"XtrIdriveTest_SRAM","66","0","0","",""
"XtrIdriveTest_SRAM","67","0","0","",""
"XtrIdriveTest_SRAM","68","0","0","",""
"XtrIdriveTest_SRAM","69","0","0","",""
"XtrIdriveTest_SRAM","70","0","0","",""
"XtrIdriveTest_SRAM","71","0","0","",""
"XtrIdriveTest_SRAM","72","0","0","",""
"XtrIdriveTest_SRAM","73","0","0","",""
"XtrIdriveTest_SRAM","74","0","0","",""
"XtrIdriveTest_SRAM","75","0","0","",""
"XtrIdriveTest_SRAM","76","0","0","",""
"XtrIdriveTest_SRAM","77","0","0","",""
"XtrIdriveTest_SRAM","78","0","0","",""
"XtrIdriveTest_SRAM","79","0","0","",""
"XtrIdriveTest_SRAM","80","0","0","",""
"XtrIdriveTest_SRAM","81","0","0","",""
"XtrIdriveTest_SRAM","82","0","0","",""
"XtrIdriveTest_SRAM","83","0","0","",""
"XtrIdriveTest_SRAM","84","0","0","",""
"XtrIdriveTest_SRAM","85","0","0","",""
"XtrIdriveTest_SRAM","86","0","0","",""
"XtrIdriveTest_SRAM","87","0","0","",""
"XtrIdriveTest_SRAM","88","0","0","",""
"XtrIdriveTest_SRAM","89","0","0","",""
"XtrIdriveTest_SRAM","90","0","0","",""
"XtrIdriveTest_SRAM","91","0","0","",""
"XtrIdriveTest_SRAM","92","0","0","",""
"XtrIdriveTest_SRAM","93","0","0","",""
"XtrIdriveTest_SRAM","94","0","0","",""
"XtrIdriveTest_SRAM","95","0","0","",""
"XtrIdriveTest_SRAM","96","0","0","",""
"XtrIdriveTest_SRAM","97","0","0","",""
"XtrIdriveTest_SRAM","98","0","0","",""
"XtrIdriveTest_SRAM","99","0","0","",""
"XtrIdriveTest_SRAM","100","0","0","",""
"XtrIdriveTest_SRAM","101","0","0","",""
"XtrIdriveTest_SRAM","102","0","0","",""
"XtrIdriveTest_SRAM","103","0","0","",""
"XtrIdriveTest_SRAM","104","0","0","",""
"XtrIdriveTest_SRAM","105","0","0","",""
"XtrIdriveTest_SRAM","106","0","0","",""
"XtrIdriveTest_SRAM","107","0","0","",""
"XtrIdriveTest_SRAM","108","0","0","",""
"XtrIdriveTest_SRAM","109","0","0","",""
"XtrIdriveTest_SRAM","110","0","0","",""
"XtrIdriveTest_SRAM","111","0","0","",""
"XtrIdriveTest_SRAM","112","0","0","",""
"XtrIdriveTest_SRAM","113","0","0","",""
"XtrIdriveTest_SRAM","114","0","0","",""
"XtrIdriveTest_SRAM","115","0","0","",""
"XtrIdriveTest_SRAM","116","0","0","",""
"XtrIdriveTest_SRAM","117","0","0","",""
"XtrIdriveTest_SRAM","118","0","0","",""
"XtrIdriveTest_SRAM","119","0","0","",""
"XtrIdriveTest_SRAM","120","0","0","",""
"XtrIdriveTest_SRAM","121","0","0","",""
"XtrIdriveTest_SRAM","122","0","0","",""
"XtrIdriveTest_SRAM","123","0","0","",""
"XtrIdriveTest_SRAM","124","0","0","",""
"XtrIdriveTest_SRAM","125","0","0","",""
"VtTest_HVT","1","0","0","",""
"VtTest_HVT","2","0","0","",""
"VtTest_HVT","3","0","0","",""
"VtTest_HVT","4","0","0","",""
"VtTest_HVT","5","0","0","",""
"VtTest_HVT","6","0","0","",""
"VtTest_HVT","7","0","1","",""
"VtTest_HVT","8","0","0","",""
"VtTest_HVT","9","0","0","",""
"VtTest_HVT","10","0","0","",""
"VtTest_HVT","11","0","0","",""
"VtTest_HVT","12","0","0","",""
"VtTest_HVT","13","0","0","",""
"VtTest_HVT","14","0","0","",""
"VtTest_HVT","15","0","0","",""
"VtTest_HVT","16","0","0","",""
"VtTest_HVT","17","0","1","",""
"VtTest_HVT","18","0","0","",""
"VtTest_HVT","19","0","0","",""
"VtTest_HVT","20","0","0","",""
"VtTest_HVT","21","0","0","",""
"VtTest_HVT","22","0","0","",""
"VtTest_HVT","23","0","0","",""
"VtTest_HVT","24","0","0","",""
"VtTest_HVT","25","0","0","",""
"VtTest_HVT","26","0","0","",""
"VtTest_HVT","27","0","0","",""
"VtTest_HVT","28","0","0","",""
"VtTest_HVT","29","0","0","",""
"VtTest_HVT","30","0","0","",""
"VtTest_HVT","31","0","0","",""
"VtTest_HVT","32","0","0","",""
"VtTest_HVT","33","0","0","",""
"VtTest_HVT","34","0","0","",""
"VtTest_HVT","35","0","0","",""
"VtTest_HVT","36","0","0","",""
"VtTest_HVT","37","0","0","",""
"VtTest_HVT","38","0","0","",""
"VtTest_HVT","39","0","0","",""
"VtTest_HVT","40","0","0","",""
"VtTest_HVT","41","0","0","",""
"VtTest_HVT","42","0","0","",""
"VtTest_HVT","43","0","0","",""
"VtTest_HVT","44","0","0","",""
"VtTest_HVT","45","0","0","",""
"VtTest_HVT","46","0","0","",""
"VtTest_HVT","47","0","0","",""
"VtTest_HVT","48","0","0","",""
"VtTest_HVT","49","0","0","",""
"VtTest_HVT","50","0","0","",""
"VtTest_HVT","51","0","0","",""
"VtTest_HVT","52","0","0","",""
"VtTest_HVT","53","0","0","",""
"VtTest_HVT","54","0","0","",""
"VtTest_HVT","55","0","0","",""
"VtTest_HVT","56","0","0","",""
"VtTest_HVT","57","0","0","",""
"VtTest_HVT","58","0","0","",""
"VtTest_HVT","59","0","0","",""
"VtTest_HVT","60","0","0","",""
"VtTest_HVT","61","0","0","",""
"VtTest_HVT","62","0","0","",""
"VtTest_HVT","63","0","0","",""
"VtTest_HVT","64","0","0","",""
"VtTest_HVT","65","0","0","",""
"VtTest_HVT","66","0","0","",""
"VtTest_HVT","67","0","0","",""
"VtTest_HVT","68","0","0","",""
"VtTest_HVT","69","0","0","",""
"VtTest_HVT","70","0","0","",""
"VtTest_HVT","71","0","0","",""
"VtTest_HVT","72","0","0","",""
"VtTest_HVT","73","0","0","",""
"VtTest_HVT","74","0","0","",""
"VtTest_HVT","75","0","0","",""
"VtTest_HVT","76","0","0","",""
"VtTest_HVT","77","0","0","",""
"VtTest_HVT","78","0","0","",""
"VtTest_HVT","79","0","0","",""
"VtTest_HVT","80","0","0","",""
"VtTest_HVT","81","0","0","",""
"VtTest_HVT","82","0","0","",""
"VtTest_HVT","83","0","0","",""
"VtTest_HVT","84","0","0","",""
"VtTest_HVT","85","0","0","",""
"VtTest_HVT","86","0","0","",""
"VtTest_HVT","87","0","0","",""
"VtTest_HVT","88","0","0","",""
"VtTest_HVT","89","0","0","",""
"VtTest_HVT","90","0","0","",""
"VtTest_HVT","91","0","0","",""
"VtTest_HVT","92","0","0","",""
"VtTest_HVT","93","0","0","",""
"VtTest_HVT","94","0","0","",""
"VtTest_HVT","95","0","0","",""
"VtTest_HVT","96","0","0","",""
"VtTest_HVT","97","0","0","",""
"VtTest_HVT","98","0","0","",""
"VtTest_HVT","99","0","0","",""
"VtTest_HVT","100","0","0","",""
"VtTest_HVT","101","0","0","",""
"VtTest_HVT","102","0","0","",""
"VtTest_HVT","103","0","0","",""
"VtTest_HVT","104","0","0","",""
"VtTest_HVT","105","0","0","",""
"VtTest_HVT","106","0","0","",""
"VtTest_HVT","107","0","0","",""
"VtTest_HVT","108","0","0","",""
"VtTest_HVT","109","0","0","",""
"VtTest_HVT","110","0","0","",""
"VtTest_HVT","111","0","0","",""
"VtTest_HVT","112","0","0","",""
"VtTest_HVT","113","0","0","",""
"VtTest_HVT","114","0","0","",""
"VtTest_HVT","115","0","0","",""
"VtTest_HVT","116","0","0","",""
"VtTest_HVT","117","0","0","",""
"VtTest_HVT","118","0","0","",""
"VtTest_HVT","119","0","0","",""
"VtTest_HVT","120","0","0","",""
"VtTest_HVT","121","0","0","",""
"VtTest_HVT","122","0","0","",""
"VtTest_HVT","123","0","0","",""
"VtTest_HVT","124","0","0","",""
"VtTest_HVT","125","0","0","",""
"VtTest_LVT","1","0","0","",""
"VtTest_LVT","2","0","0","",""
"VtTest_LVT","3","0","0","",""
"VtTest_LVT","4","0","0","",""
"VtTest_LVT","5","0","0","",""
"VtTest_LVT","6","0","0","",""
"VtTest_LVT","7","0","1","",""
"VtTest_LVT","8","0","0","",""
"VtTest_LVT","9","0","0","",""
"VtTest_LVT","10","0","0","",""
"VtTest_LVT","11","0","0","",""
"VtTest_LVT","12","0","0","",""
"VtTest_LVT","13","0","0","",""
"VtTest_LVT","14","0","0","",""
"VtTest_LVT","15","0","0","",""
"VtTest_LVT","16","0","0","",""
"VtTest_LVT","17","0","0","",""
"VtTest_LVT","18","0","0","",""
"VtTest_LVT","19","0","0","",""
"VtTest_LVT","20","0","0","",""
"VtTest_LVT","21","0","0","",""
"VtTest_LVT","22","0","0","",""
"VtTest_LVT","23","0","0","",""
"VtTest_LVT","24","0","0","",""
"VtTest_LVT","25","0","0","",""
"VtTest_LVT","26","0","0","",""
"VtTest_LVT","27","0","0","",""
"VtTest_LVT","28","0","0","",""
"VtTest_LVT","29","0","0","",""
"VtTest_LVT","30","0","0","",""
"VtTest_LVT","31","0","0","",""
"VtTest_LVT","32","0","0","",""
"VtTest_LVT","33","0","0","",""
"VtTest_LVT","34","0","0","",""
"VtTest_LVT","35","0","0","",""
"VtTest_LVT","36","0","0","",""
"VtTest_LVT","37","0","0","",""
"VtTest_LVT","38","0","0","",""
"VtTest_LVT","39","0","0","",""
"VtTest_LVT","40","0","0","",""
"VtTest_LVT","41","0","0","",""
"VtTest_LVT","42","0","0","",""
"VtTest_LVT","43","0","0","",""
"VtTest_LVT","44","0","0","",""
"VtTest_LVT","45","0","0","",""
"VtTest_LVT","46","0","0","",""
"VtTest_LVT","47","0","0","",""
"VtTest_LVT","48","0","0","",""
"VtTest_LVT","49","0","0","",""
"VtTest_LVT","50","0","0","",""
"VtTest_LVT","51","0","0","",""
"VtTest_LVT","52","0","0","",""
"VtTest_LVT","53","0","0","",""
"VtTest_LVT","54","0","0","",""
"VtTest_LVT","55","0","0","",""
"VtTest_LVT","56","0","0","",""
"VtTest_LVT","57","0","0","",""
"VtTest_LVT","58","0","0","",""
"VtTest_LVT","59","0","0","",""
"VtTest_LVT","60","0","0","",""
"VtTest_LVT","61","0","0","",""
"VtTest_LVT","62","0","0","",""
"VtTest_LVT","63","0","0","",""
"VtTest_LVT","64","0","0","",""
"VtTest_LVT","65","0","0","",""
"VtTest_LVT","66","0","0","",""
"VtTest_LVT","67","0","0","",""
"VtTest_LVT","68","0","0","",""
"VtTest_LVT","69","0","0","",""
"VtTest_LVT","70","0","0","",""
"VtTest_LVT","71","0","0","",""
"VtTest_LVT","72","0","0","",""
"VtTest_LVT","73","0","0","",""
"VtTest_LVT","74","0","0","",""
"VtTest_LVT","75","0","0","",""
"VtTest_LVT","76","0","0","",""
"VtTest_LVT","77","0","0","",""
"VtTest_LVT","78","0","0","",""
"VtTest_LVT","79","0","0","",""
"VtTest_LVT","80","0","0","",""
"VtTest_LVT","81","0","0","",""
"VtTest_LVT","82","0","0","",""
"VtTest_LVT","83","0","0","",""
"VtTest_LVT","84","0","0","",""
"VtTest_LVT","85","0","0","",""
"VtTest_LVT","86","0","0","",""
"VtTest_LVT","87","0","0","",""
"VtTest_LVT","88","0","0","",""
"VtTest_LVT","89","0","0","",""
"VtTest_LVT","90","0","0","",""
"VtTest_LVT","91","0","0","",""
"VtTest_LVT","92","0","0","",""
"VtTest_LVT","93","0","0","",""
"VtTest_LVT","94","0","0","",""
"VtTest_LVT","95","0","0","",""
"VtTest_LVT","96","0","0","",""
"VtTest_LVT","97","0","0","",""
"VtTest_LVT","98","0","0","",""
"VtTest_LVT","99","0","0","",""
"VtTest_LVT","100","0","0","",""
"VtTest_LVT","101","0","0","",""
"VtTest_LVT","102","0","0","",""
"VtTest_LVT","103","0","0","",""
"VtTest_LVT","104","0","0","",""
"VtTest_LVT","105","0","0","",""
"VtTest_LVT","106","0","0","",""
"VtTest_LVT","107","0","0","",""
"VtTest_LVT","108","0","0","",""
"VtTest_LVT","109","0","0","",""
"VtTest_LVT","110","0","0","",""
"VtTest_LVT","111","0","0","",""
"VtTest_LVT","112","0","0","",""
"VtTest_LVT","113","0","0","",""
"VtTest_LVT","114","0","0","",""
"VtTest_LVT","115","0","0","",""
"VtTest_LVT","116","0","0","",""
"VtTest_LVT","117","0","0","",""
"VtTest_LVT","118","0","0","",""
"VtTest_LVT","119","0","0","",""
"VtTest_LVT","120","0","0","",""
"VtTest_LVT","121","0","0","",""
"VtTest_LVT","122","0","0","",""
"VtTest_LVT","123","0","0","",""
"VtTest_LVT","124","0","0","",""
"VtTest_LVT","125","0","0","",""
"VtTest_SVT","1","0","0","",""
"VtTest_SVT","2","0","0","",""
"VtTest_SVT","3","0","0","",""
"VtTest_SVT","4","0","0","",""
"VtTest_SVT","5","0","0","",""
"VtTest_SVT","6","0","0","",""
"VtTest_SVT","7","0","0","",""
"VtTest_SVT","8","0","0","",""
"VtTest_SVT","9","0","0","",""
"VtTest_SVT","10","0","0","",""
"VtTest_SVT","11","0","0","",""
"VtTest_SVT","12","0","0","",""
"VtTest_SVT","13","0","0","",""
"VtTest_SVT","14","0","0","",""
"VtTest_SVT","15","0","0","",""
"VtTest_SVT","16","0","0","",""
"VtTest_SVT","17","0","0","",""
"VtTest_SVT","18","0","0","",""
"VtTest_SVT","19","0","0","",""
"VtTest_SVT","20","0","0","",""
"VtTest_SVT","21","0","0","",""
"VtTest_SVT","22","0","0","",""
"VtTest_SVT","23","0","0","",""
"VtTest_SVT","24","0","0","",""
"VtTest_SVT","25","0","0","",""
"VtTest_SVT","26","0","0","",""
"VtTest_SVT","27","0","0","",""
"VtTest_SVT","28","0","0","",""
"VtTest_SVT","29","0","0","",""
"VtTest_SVT","30","0","0","",""
"VtTest_SVT","31","0","0","",""
"VtTest_SVT","32","0","0","",""
"VtTest_SVT","33","0","0","",""
"VtTest_SVT","34","0","0","",""
"VtTest_SVT","35","0","0","",""
"VtTest_SVT","36","0","0","",""
"VtTest_SVT","37","0","0","",""
"VtTest_SVT","38","0","0","",""
"VtTest_SVT","39","0","0","",""
"VtTest_SVT","40","0","0","",""
"VtTest_SVT","41","0","0","",""
"VtTest_SVT","42","0","0","",""
"VtTest_SVT","43","0","0","",""
"VtTest_SVT","44","0","0","",""
"VtTest_SVT","45","0","0","",""
"VtTest_SVT","46","0","0","",""
"VtTest_SVT","47","0","0","",""
"VtTest_SVT","48","0","0","",""
"VtTest_SVT","49","0","0","",""
"VtTest_SVT","50","0","0","",""
"VtTest_SVT","51","0","0","",""
"VtTest_SVT","52","0","0","",""
"VtTest_SVT","53","0","0","",""
"VtTest_SVT","54","0","0","",""
"VtTest_SVT","55","0","0","",""
"VtTest_SVT","56","0","0","",""
"VtTest_SVT","57","0","0","",""
"VtTest_SVT","58","0","0","",""
"VtTest_SVT","59","0","0","",""
"VtTest_SVT","60","0","0","",""
"VtTest_SVT","61","0","0","",""
"VtTest_SVT","62","0","0","",""
"VtTest_SVT","63","0","0","",""
"VtTest_SVT","64","0","0","",""
"VtTest_SVT","65","0","0","",""
"VtTest_SVT","66","0","0","",""
"VtTest_SVT","67","0","0","",""
"VtTest_SVT","68","0","0","",""
"VtTest_SVT","69","0","0","",""
"VtTest_SVT","70","0","0","",""
"VtTest_SVT","71","0","0","",""
"VtTest_SVT","72","0","0","",""
"VtTest_SVT","73","0","0","",""
"VtTest_SVT","74","0","0","",""
"VtTest_SVT","75","0","0","",""
"VtTest_SVT","76","0","0","",""
"VtTest_SVT","77","0","0","",""
"VtTest_SVT","78","0","0","",""
"VtTest_SVT","79","0","0","",""
"VtTest_SVT","80","0","0","",""
"VtTest_SVT","81","0","0","",""
"VtTest_SVT","82","0","0","",""
"VtTest_SVT","83","0","0","",""
"VtTest_SVT","84","0","0","",""
"VtTest_SVT","85","0","0","",""
"VtTest_SVT","86","0","0","",""
"VtTest_SVT","87","0","0","",""
"VtTest_SVT","88","0","0","",""
"VtTest_SVT","89","0","0","",""
"VtTest_SVT","90","0","0","",""
"VtTest_SVT","91","0","0","",""
"VtTest_SVT","92","0","0","",""
"VtTest_SVT","93","0","0","",""
"VtTest_SVT","94","0","0","",""
"VtTest_SVT","95","0","0","",""
"VtTest_SVT","96","0","0","",""
"VtTest_SVT","97","0","0","",""
"VtTest_SVT","98","0","0","",""
"VtTest_SVT","99","0","0","",""
"VtTest_SVT","100","0","0","",""
"VtTest_SVT","101","0","0","",""
"VtTest_SVT","102","0","0","",""
"VtTest_SVT","103","0","0","",""
"VtTest_SVT","104","0","0","",""
"VtTest_SVT","105","0","0","",""
"VtTest_SVT","106","0","0","",""
"VtTest_SVT","107","0","0","",""
"VtTest_SVT","108","0","0","",""
"VtTest_SVT","109","0","0","",""
"VtTest_SVT","110","0","0","",""
"VtTest_SVT","111","0","0","",""
"VtTest_SVT","112","0","0","",""
"VtTest_SVT","113","0","0","",""
"VtTest_SVT","114","0","0","",""
"VtTest_SVT","115","0","0","",""
"VtTest_SVT","116","0","0","",""
"VtTest_SVT","117","0","0","",""
"VtTest_SVT","118","0","0","",""
"VtTest_SVT","119","0","0","",""
"VtTest_SVT","120","0","0","",""
"VtTest_SVT","121","0","0","",""
"VtTest_SVT","122","0","0","",""
"VtTest_SVT","123","0","0","",""
"VtTest_SVT","124","0","0","",""
"VtTest_SVT","125","0","0","",""
"VtTest_1P5V","1","0","0","",""
"VtTest_1P5V","2","0","0","",""
"VtTest_1P5V","3","0","0","",""
"VtTest_1P5V","4","0","0","",""
"VtTest_1P5V","5","0","0","",""
"VtTest_1P5V","6","0","0","",""
"VtTest_1P5V","7","0","0","",""
"VtTest_1P5V","8","0","0","",""
"VtTest_1P5V","9","0","0","",""
"VtTest_1P5V","10","0","0","",""
"VtTest_1P5V","11","0","0","",""
"VtTest_1P5V","12","0","0","",""
"VtTest_1P5V","13","0","0","",""
"VtTest_1P5V","14","0","0","",""
"VtTest_1P5V","15","0","0","",""
"VtTest_1P5V","16","0","0","",""
"VtTest_1P5V","17","0","0","",""
"VtTest_1P5V","18","0","0","",""
"VtTest_1P5V","19","0","0","",""
"VtTest_1P5V","20","0","0","",""
"VtTest_1P5V","21","0","0","",""
"VtTest_1P5V","22","0","0","",""
"VtTest_1P5V","23","0","0","",""
"VtTest_1P5V","24","0","0","",""
"VtTest_1P5V","25","0","0","",""
"VtTest_1P5V","26","0","0","",""
"VtTest_1P5V","27","0","0","",""
"VtTest_1P5V","28","0","0","",""
"VtTest_1P5V","29","0","0","",""
"VtTest_1P5V","30","0","0","",""
"VtTest_1P5V","31","0","0","",""
"VtTest_1P5V","32","0","0","",""
"VtTest_1P5V","33","0","0","",""
"VtTest_1P5V","34","0","0","",""
"VtTest_1P5V","35","0","0","",""
"VtTest_1P5V","36","0","0","",""
"VtTest_1P5V","37","0","0","",""
"VtTest_1P5V","38","0","0","",""
"VtTest_1P5V","39","0","0","",""
"VtTest_1P5V","40","0","0","",""
"VtTest_1P5V","41","0","0","",""
"VtTest_1P5V","42","0","0","",""
"VtTest_1P5V","43","0","0","",""
"VtTest_1P5V","44","0","0","",""
"VtTest_1P5V","45","0","0","",""
"VtTest_1P5V","46","0","0","",""
"VtTest_1P5V","47","0","0","",""
"VtTest_1P5V","48","0","0","",""
"VtTest_1P5V","49","0","0","",""
"VtTest_1P5V","50","0","0","",""
"VtTest_1P5V","51","0","0","",""
"VtTest_1P5V","52","0","0","",""
"VtTest_1P5V","53","0","0","",""
"VtTest_1P5V","54","0","0","",""
"VtTest_1P5V","55","0","0","",""
"VtTest_1P5V","56","0","0","",""
"VtTest_1P5V","57","0","0","",""
"VtTest_1P5V","58","0","0","",""
"VtTest_1P5V","59","0","0","",""
"VtTest_1P5V","60","0","0","",""
"VtTest_1P5V","61","0","0","",""
"VtTest_1P5V","62","0","0","",""
"VtTest_1P5V","63","0","0","",""
"VtTest_1P5V","64","0","0","",""
"VtTest_1P5V","65","0","0","",""
"VtTest_1P5V","66","0","0","",""
"VtTest_1P5V","67","0","0","",""
"VtTest_1P5V","68","0","0","",""
"VtTest_1P5V","69","0","0","",""
"VtTest_1P5V","70","0","0","",""
"VtTest_1P5V","71","0","0","",""
"VtTest_1P5V","72","0","0","",""
"VtTest_1P5V","73","0","0","",""
"VtTest_1P5V","74","0","0","",""
"VtTest_1P5V","75","0","0","",""
"VtTest_1P5V","76","0","0","",""
"VtTest_1P5V","77","0","0","",""
"VtTest_1P5V","78","0","0","",""
"VtTest_1P5V","79","0","0","",""
"VtTest_1P5V","80","0","0","",""
"VtTest_1P5V","81","0","0","",""
"VtTest_1P5V","82","0","0","",""
"VtTest_1P5V","83","0","0","",""
"VtTest_1P5V","84","0","0","",""
"VtTest_1P5V","85","0","0","",""
"VtTest_1P5V","86","0","0","",""
"VtTest_1P5V","87","0","0","",""
"VtTest_1P5V","88","0","0","",""
"VtTest_1P5V","89","0","0","",""
"VtTest_1P5V","90","0","0","",""
"VtTest_1P5V","91","0","0","",""
"VtTest_1P5V","92","0","0","",""
"VtTest_1P5V","93","0","0","",""
"VtTest_1P5V","94","0","0","",""
"VtTest_1P5V","95","0","0","",""
"VtTest_1P5V","96","0","0","",""
"VtTest_1P5V","97","0","0","",""
"VtTest_1P5V","98","0","0","",""
"VtTest_1P5V","99","0","0","",""
"VtTest_1P5V","100","0","0","",""
"VtTest_1P5V","100","0","0","",""
"VtTest_1P5V","102","0","0","",""
"VtTest_1P5V","103","0","0","",""
"VtTest_1P5V","104","0","0","",""
"VtTest_1P5V","105","0","0","",""
"VtTest_1P5V","106","0","0","",""
"VtTest_1P5V","107","0","0","",""
"VtTest_1P5V","108","0","0","",""
"VtTest_1P5V","109","0","0","",""
"VtTest_1P5V","110","0","0","",""
"VtTest_1P5V","110","0","0","",""
"VtTest_1P5V","112","0","0","",""
"VtTest_1P5V","113","0","0","",""
"VtTest_1P5V","114","0","0","",""
"VtTest_1P5V","115","0","0","",""
"VtTest_1P5V","116","0","0","",""
"VtTest_1P5V","117","0","0","",""
"VtTest_1P5V","118","0","0","",""
"VtTest_1P5V","119","0","0","",""
"VtTest_1P5V","120","0","0","",""
"VtTest_1P5V","120","0","0","",""
"VtTest_1P5V","122","0","0","",""
"VtTest_1P5V","123","0","0","",""
"VtTest_1P5V","124","0","0","",""
"VtTest_1P5V","125","0","0","",""
"VtTest_1P8V","1","0","0","",""
"VtTest_1P8V","2","0","0","",""
"VtTest_1P8V","3","0","0","",""
"VtTest_1P8V","4","0","0","",""
"VtTest_1P8V","5","0","0","",""
"VtTest_1P8V","6","0","0","",""
"VtTest_1P8V","7","0","0","",""
"VtTest_1P8V","8","0","0","",""
"VtTest_1P8V","9","0","0","",""
"VtTest_1P8V","10","0","0","",""
"VtTest_1P8V","11","0","0","",""
"VtTest_1P8V","12","0","0","",""
"VtTest_1P8V","13","0","0","",""
"VtTest_1P8V","14","0","0","",""
"VtTest_1P8V","15","0","0","",""
"VtTest_1P8V","16","0","0","",""
"VtTest_1P8V","17","0","0","",""
"VtTest_1P8V","18","0","0","",""
"VtTest_1P8V","19","0","0","",""
"VtTest_1P8V","20","0","0","",""
"VtTest_1P8V","21","0","0","",""
"VtTest_1P8V","22","0","0","",""
"VtTest_1P8V","23","0","0","",""
"VtTest_1P8V","24","0","0","",""
"VtTest_1P8V","25","0","0","",""
"VtTest_1P8V","26","0","0","",""
"VtTest_1P8V","27","0","0","",""
"VtTest_1P8V","28","0","0","",""
"VtTest_1P8V","29","0","0","",""
"VtTest_1P8V","30","0","0","",""
"VtTest_1P8V","31","0","0","",""
"VtTest_1P8V","32","0","0","",""
"VtTest_1P8V","33","0","0","",""
"VtTest_1P8V","34","0","0","",""
"VtTest_1P8V","35","0","0","",""
"VtTest_1P8V","36","0","0","",""
"VtTest_1P8V","37","0","0","",""
"VtTest_1P8V","38","0","0","",""
"VtTest_1P8V","39","0","0","",""
"VtTest_1P8V","40","0","0","",""
"VtTest_1P8V","41","0","0","",""
"VtTest_1P8V","42","0","0","",""
"VtTest_1P8V","43","0","0","",""
"VtTest_1P8V","44","0","0","",""
"VtTest_1P8V","45","0","0","",""
"VtTest_1P8V","46","0","0","",""
"VtTest_1P8V","47","0","0","",""
"VtTest_1P8V","48","0","0","",""
"VtTest_1P8V","49","0","0","",""
"VtTest_1P8V","50","0","0","",""
"VtTest_1P8V","51","0","0","",""
"VtTest_1P8V","52","0","0","",""
"VtTest_1P8V","53","0","0","",""
"VtTest_1P8V","54","0","0","",""
"VtTest_1P8V","55","0","0","",""
"VtTest_1P8V","56","0","0","",""
"VtTest_1P8V","57","0","0","",""
"VtTest_1P8V","58","0","0","",""
"VtTest_1P8V","59","0","0","",""
"VtTest_1P8V","60","0","0","",""
"VtTest_1P8V","61","0","0","",""
"VtTest_1P8V","62","0","0","",""
"VtTest_1P8V","63","0","0","",""
"VtTest_1P8V","64","0","0","",""
"VtTest_1P8V","65","0","0","",""
"VtTest_1P8V","66","0","0","",""
"VtTest_1P8V","67","0","0","",""
"VtTest_1P8V","68","0","0","",""
"VtTest_1P8V","69","0","0","",""
"VtTest_1P8V","70","0","0","",""
"VtTest_1P8V","71","0","0","",""
"VtTest_1P8V","72","0","0","",""
"VtTest_1P8V","73","0","0","",""
"VtTest_1P8V","74","0","0","",""
"VtTest_1P8V","75","0","0","",""
"VtTest_1P8V","76","0","0","",""
"VtTest_1P8V","77","0","0","",""
"VtTest_1P8V","78","0","0","",""
"VtTest_1P8V","79","0","0","",""
"VtTest_1P8V","80","0","0","",""
"VtTest_1P8V","81","0","0","",""
"VtTest_1P8V","82","0","0","",""
"VtTest_1P8V","83","0","0","",""
"VtTest_1P8V","84","0","0","",""
"VtTest_1P8V","85","0","0","",""
"VtTest_1P8V","86","0","0","",""
"VtTest_1P8V","87","0","0","",""
"VtTest_1P8V","88","0","0","",""
"VtTest_1P8V","89","0","0","",""
"VtTest_1P8V","90","0","0","",""
"VtTest_1P8V","91","0","0","",""
"VtTest_1P8V","92","0","0","",""
"VtTest_1P8V","93","0","0","",""
"VtTest_1P8V","94","0","0","",""
"VtTest_1P8V","95","0","0","",""
"VtTest_1P8V","96","0","0","",""
"VtTest_1P8V","97","0","0","",""
"VtTest_1P8V","98","0","0","",""
"VtTest_1P8V","99","0","0","",""
"VtTest_1P8V","100","0","0","",""
"VtTest_1P8V","100","0","0","",""
"VtTest_1P8V","102","0","0","",""
"VtTest_1P8V","103","0","0","",""
"VtTest_1P8V","104","0","0","",""
"VtTest_1P8V","105","0","0","",""
"VtTest_1P8V","106","0","0","",""
"VtTest_1P8V","107","0","0","",""
"VtTest_1P8V","108","0","0","",""
"VtTest_1P8V","109","0","0","",""
"VtTest_1P8V","110","0","0","",""
"VtTest_1P8V","110","0","0","",""
"VtTest_1P8V","112","0","0","",""
"VtTest_1P8V","113","0","0","",""
"VtTest_1P8V","114","0","0","",""
"VtTest_1P8V","115","0","0","",""
"VtTest_1P8V","116","0","0","",""
"VtTest_1P8V","117","0","0","",""
"VtTest_1P8V","118","0","0","",""
"VtTest_1P8V","119","0","0","",""
"VtTest_1P8V","120","0","0","",""
"VtTest_1P8V","120","0","0","",""
"VtTest_1P8V","122","0","0","",""
"VtTest_1P8V","123","0","0","",""
"VtTest_1P8V","124","0","0","",""
"VtTest_1P8V","125","0","0","",""
"VtTest_SRAM","1","0","0","",""
"VtTest_SRAM","2","0","0","",""
"VtTest_SRAM","3","0","0","",""
"VtTest_SRAM","4","0","0","",""
"VtTest_SRAM","5","0","0","",""
"VtTest_SRAM","6","0","0","",""
"VtTest_SRAM","7","0","0","",""
"VtTest_SRAM","8","0","0","",""
"VtTest_SRAM","9","0","0","",""
"VtTest_SRAM","10","0","0","",""
"VtTest_SRAM","11","0","0","",""
"VtTest_SRAM","12","0","0","",""
"VtTest_SRAM","13","0","0","",""
"VtTest_SRAM","14","0","0","",""
"VtTest_SRAM","15","0","0","",""
"VtTest_SRAM","16","0","0","",""
"VtTest_SRAM","17","0","0","",""
"VtTest_SRAM","18","0","0","",""
"VtTest_SRAM","19","0","0","",""
"VtTest_SRAM","20","0","0","",""
"VtTest_SRAM","21","0","0","",""
"VtTest_SRAM","22","0","0","",""
"VtTest_SRAM","23","0","0","",""
"VtTest_SRAM","24","0","0","",""
"VtTest_SRAM","25","0","0","",""
"VtTest_SRAM","26","0","0","",""
"VtTest_SRAM","27","0","0","",""
"VtTest_SRAM","28","0","0","",""
"VtTest_SRAM","29","0","0","",""
"VtTest_SRAM","30","0","0","",""
"VtTest_SRAM","31","0","0","",""
"VtTest_SRAM","32","0","0","",""
"VtTest_SRAM","33","0","0","",""
"VtTest_SRAM","34","0","0","",""
"VtTest_SRAM","35","0","0","",""
"VtTest_SRAM","36","0","0","",""
"VtTest_SRAM","37","0","0","",""
"VtTest_SRAM","38","0","0","",""
"VtTest_SRAM","39","0","0","",""
"VtTest_SRAM","40","0","0","",""
"VtTest_SRAM","41","0","0","",""
"VtTest_SRAM","42","0","0","",""
"VtTest_SRAM","43","0","0","",""
"VtTest_SRAM","44","0","0","",""
"VtTest_SRAM","45","0","0","",""
"VtTest_SRAM","46","0","0","",""
"VtTest_SRAM","47","0","0","",""
"VtTest_SRAM","48","0","0","",""
"VtTest_SRAM","49","0","0","",""
"VtTest_SRAM","50","0","0","",""
"VtTest_SRAM","51","0","0","",""
"VtTest_SRAM","52","0","0","",""
"VtTest_SRAM","53","0","0","",""
"VtTest_SRAM","54","0","0","",""
"VtTest_SRAM","55","0","0","",""
"VtTest_SRAM","56","0","0","",""
"VtTest_SRAM","57","0","0","",""
"VtTest_SRAM","58","0","0","",""
"VtTest_SRAM","59","0","0","",""
"VtTest_SRAM","60","0","0","",""
"VtTest_SRAM","61","0","0","",""
"VtTest_SRAM","62","0","0","",""
"VtTest_SRAM","63","0","0","",""
"VtTest_SRAM","64","0","0","",""
"VtTest_SRAM","65","0","0","",""
"VtTest_SRAM","66","0","0","",""
"VtTest_SRAM","67","0","0","",""
"VtTest_SRAM","68","0","0","",""
"VtTest_SRAM","69","0","0","",""
"VtTest_SRAM","70","0","0","",""
"VtTest_SRAM","71","0","0","",""
"VtTest_SRAM","72","0","0","",""
"VtTest_SRAM","73","0","0","",""
"VtTest_SRAM","74","0","0","",""
"VtTest_SRAM","75","0","0","",""
"VtTest_SRAM","76","0","0","",""
"VtTest_SRAM","77","0","0","",""
"VtTest_SRAM","78","0","0","",""
"VtTest_SRAM","79","0","0","",""
"VtTest_SRAM","80","0","0","",""
"VtTest_SRAM","81","0","0","",""
"VtTest_SRAM","82","0","0","",""
"VtTest_SRAM","83","0","0","",""
"VtTest_SRAM","84","0","0","",""
"VtTest_SRAM","85","0","0","",""
"VtTest_SRAM","86","0","0","",""
"VtTest_SRAM","87","0","0","",""
"VtTest_SRAM","88","0","0","",""
"VtTest_SRAM","89","0","0","",""
"VtTest_SRAM","90","0","0","",""
"VtTest_SRAM","91","0","0","",""
"VtTest_SRAM","92","0","0","",""
"VtTest_SRAM","93","0","0","",""
"VtTest_SRAM","94","0","0","",""
"VtTest_SRAM","95","0","0","",""
"VtTest_SRAM","96","0","0","",""
"VtTest_SRAM","97","0","0","",""
"VtTest_SRAM","98","0","0","",""
"VtTest_SRAM","99","0","0","",""
"VtTest_SRAM","100","0","0","",""
"VtTest_SRAM","100","0","0","",""
"VtTest_SRAM","102","0","0","",""
"VtTest_SRAM","103","0","0","",""
"VtTest_SRAM","104","0","0","",""
"VtTest_SRAM","105","0","0","",""
"VtTest_SRAM","106","0","0","",""
"VtTest_SRAM","107","0","0","",""
"VtTest_SRAM","108","0","0","",""
"VtTest_SRAM","109","0","0","",""
"VtTest_SRAM","110","0","0","",""
"VtTest_SRAM","110","0","0","",""
"VtTest_SRAM","112","0","0","",""
"VtTest_SRAM","113","0","0","",""
"VtTest_SRAM","114","0","0","",""
"VtTest_SRAM","115","0","0","",""
"VtTest_SRAM","116","0","0","",""
"VtTest_SRAM","117","0","0","",""
"VtTest_SRAM","118","0","0","",""
"VtTest_SRAM","119","0","0","",""
"VtTest_SRAM","120","0","0","",""
"VtTest_SRAM","120","0","0","",""
"VtTest_SRAM","122","0","0","",""
"VtTest_SRAM","123","0","0","",""
"VtTest_SRAM","124","0","0","",""
"VtTest_SRAM","125","0","0","",""
